19375
1284
29850
42
48102
16338
4667
37086
8081
35888
4648
13742
47962
616
13447
20835
22909
28760
11111
28709
17655
7214
6419
28989
38925
38692
4662
45546
13207
1600
34322
32581
19235
30524
48975
17337
46861
3641
20774
21294
5881
25421
1387
3842
26036
14833
41028
48944
43593
2139
44004
27599
25704
422
6587
14629
5465
11248
26526
18671
12847
10848
1252
48434
41371
226
32122
4583
20218
2895
25876
26098
28315
27263
46291
20702
42095
37319
35998
2039
5809
46353
29637
31512
46775
2575
12492
18591
13823
39018
37262
43021
16217
4865
41454
7587
5090
39927
12169
41659
42821
4397
17757
37487
31659
14047
8189
40105
1365
10538
8496
7173
6890
4484
5037
20016
7059
17528
38607
20881
6545
42220
30253
22761
47084
38059
46699
18525
27985
25220
10183
20806
29616
27939
8292
27626
8338
32832
17730
9702
9721
26225
33227
16611
30709
4615
2978
37767
22142
41584
24999
45039
33803
21603
34151
47238
26013
30850
15762
3998
22421
25945
41155
2036
3883
15798
29661
12220
14982
47390
38274
24702
39967
37852
41312
37027
42466
10642
41145
30959
2225
32495
25997
2380
4097
10148
49617
30110
7349
31731
459
29769
7675
7965
31804
27909
23762
27816
6481
38743
41557
11106
29797
31523
15309
21108
18549
7774
48101
26045
5084
326
8539
31081
19057
28988
41228
35025
9097
14928
16755
25907
44696
40781
33871
26499
18690
23984
20666
25170
12727
12222
36275
42523
43745
1583
29982
28645
25708
28083
4690
30791
44760
13228
28223
30168
42215
35802
15192
17663
729
48299
9921
45424
39079
43791
38274
24120
17775
8939
49289
46853
21161
1915
5727
31257
19849
2060
26253
11908
30142
47294
9051
41253
10522
37273
37772
19088
23075
19316
3103
23803
17614
29375
35579
23044
23166
40204
47164
7292
49143
46452
20496
36655
14719
26222
34263
919
28281
10515
12827
24775
7809
21877
32379
34682
9149
20151
20121
48575
39466
39575
38730
7079
18950
24308
46474
8467
14511
43637
15758
30005
6441
2605
16659
21159
28826
17273
22077
23458
44140
1255
48232
1948
23131
46963
2981
48632
17113
39453
47206
22930
45380
35935
46360
14329
10242
42833
39147
41105
36470
21256
21109
42910
23860
4120
30420
2685
21392
18848
42494
15531
20103
7078
33830
9585
4040
3162
8216
37504
8967
21774
10433
4346
7708
6792
18674
34302
49624
24172
41758
36093
45427
12866
45354
19286
33337
42125
38322
4729
27325
30815
36611
47427
37892
36793
23363
8283
6306
31579
45786
15272
19704
6218
19617
27411
13009
4642
28064
12633
28813
19821
15077
24239
49039
26783
43524
32375
18907
48197
3455
46231
29012
6418
10009
33255
9562
33372
41538
15867
31302
37323
31139
1005
43541
17107
44767
22901
21749
39183
35533
561
9003
16962
41152
24393
43744
1027
6768
29002
49224
26574
41585
44587
32991
17945
27841
42552
17668
35730
8419
15321
39405
5909
16325
32945
23015
27444
22197
44763
16626
7730
11676
41980
41043
2827
32725
34786
20205
39492
30139
19428
16065
21723
30366
15408
39668
24559
7959
23687
10288
32729
39008
49692
38637
21684
48988
28004
49127
21185
39118
32104
45266
793
40436
36308
19971
23160
37445
40176
29003
17583
25955
11419
5658
22673
26826
11677
47231
34785
35363
23870
33865
24370
39914
22502
46054
38901
16857
11532
26437
5974
9988
21702
6767
423
24361
43089
39934
11805
49616
18936
45740
41923
30354
1397
14595
23532
29425
28177
8316
14787
2046
8532
5509
41959
31033
1562
47212
14241
29445
40000
20215
39432
28054
26981
6206
2414
36421
46139
30571
36037
31426
42662
44311
28132
10410
8905
1663
39834
3433
26330
4620
5478
34861
26480
13789
32246
28041
27352
46486
7486
17351
16700
13269
45404
10032
19475
14170
12805
15613
11092
48841
13391
3753
9503
41522
14162
18407
9536
3995
21839
35865
24966
43668
20725
1446
23808
19322
45838
1159
15808
19675
34862
48859
32944
46617
8891
18770
27138
21695
34382
38229
36887
14124
41981
46389
5645
22494
31147
15180
42840
19337
17396
34158
13004
38121
1955
3164
7442
47792
20674
39601
33819
5535
38460
33114
2152
13702
1883
45641
35396
2616
33870
38634
16740
42202
35022
38736
14696
32520
20268
23887
1856
37663
8044
31211
42135
9998
34374
15929
24142
5048
5529
7960
10582
10340
41073
29085
24041
42955
24726
9436
45570
24947
14421
28661
17148
49442
17397
48195
31961
37664
22082
33816
41678
46477
31379
33813
6475
15752
16093
30616
20799
37973
4927
47733
48313
45999
43169
22353
5305
34246
48141
17226
9192
12561
45887
42692
28355
13283
7238
26667
17298
29319
26835
25327
25796
8213
9139
48622
23964
41583
29237
11115
29556
515
8847
27868
46513
18367
220
18169
2613
14712
35394
28156
43625
47632
37199
21979
27266
44437
48645
10915
23755
25479
36242
15902
33691
45380
14523
24007
3315
10111
35121
32870
10625
10319
10737
23489
28685
27308
8009
47649
8372
9755
25805
1996
7386
13003
23974
34652
7439
38970
45566
47546
14449
48159
29799
14491
9891
10674
4849
13205
20784
39969
46074
47761
16639
23162
37601
11676
469
45610
9324
8840
5364
1480
10835
29101
30835
1160
30104
4625
40130
25670
18522
20930
40180
48321
1772
70
8994
6621
13274
46129
46589
9347
10241
29580
32508
47842
41255
49329
9803
16930
24520
31518
18410
1707
10618
49244
2866
40722
3868
9347
32743
22390
30276
22922
37062
32048
22992
12407
38668
36265
8535
1608
11964
35128
31187
44471
32969
38793
10151
9123
5723
34671
40640
24132
36377
17609
39727
39242
8330
9946
48589
7424
48687
45216
30346
35748
27263
19689
14506
32282
5953
23041
33890
34268
8168
31428
45091
7488
36573
5241
32962
42295
39911
23601
32778
26287
41209
38856
31881
15891
48801
30469
23314
13840
42036
20011
15939
19299
39699
30445
17932
12004
19837
18173
46271
44356
15953
41361
1843
2525
46602
1156
11171
2864
24756
43948
29151
32316
49155
27383
14558
47955
24203
37872
11794
16238
7882
27733
1888
13933
24529
19820
25936
44365
37992
38558
38720
20296
29919
6914
22820
42872
8069
342
12087
49176
44289
41237
47843
9795
18619
12401
7750
42821
16624
35895
25411
40857
29979
27298
4789
4507
47117
47076
15223
1461
35634
3942
21756
31904
10855
10928
41127
35275
11269
3213
34450
21910
44450
32293
31704
29420
11045
5805
38593
27668
41700
14003
18524
38030
41300
23313
8889
4769
36740
24111
22581
22373
28053
10688
4276
5259
21615
45402
40534
49236
14967
41335
21145
25768
39979
19200
5187
1023
25005
10131
28690
33056
40485
13566
21085
48137
36878
46325
19257
23617
20436
41837
12342
14840
2524
32969
20098
40491
44723
26983
39726
9689
34670
27222
35456
24648
46421
6994
25671
37777
17125
20712
20832
23961
34277
8269
22097
37506
4593
41353
27475
41380
33189
39816
6219
2065
22784
42669
8907
33858
36003
14984
43546
20672
42205
29001
45320
4977
2347
37342
9106
19471
8053
46289
43431
8682
4557
31880
46187
25502
23232
23661
33233
22773
29828
39452
41189
18964
48472
95
2821
34474
15078
46367
5146
23634
41719
16817
44962
44065
4158
4067
29887
28562
16708
39670
37243
21264
21549
49782
13117
11132
39794
46350
33904
19622
2153
25092
4937
624
41538
7757
35097
6615
20475
6594
46600
12194
23410
7914
22610
43919
11980
2497
22481
45039
42166
26075
32655
30066
42208
45771
41197
32002
8472
25101
17975
26976
16544
22911
27599
8082
47019
29048
31048
17494
1993
44000
46039
25403
1913
18648
35673
30244
37496
8153
25283
46013
580
7937
26078
42787
20059
17275
41140
28531
8727
9114
5506
41622
48376
49457
16055
45395
44856
47103
12888
46848
41102
8926
22250
9366
43925
7923
39609
31421
32427
14891
27433
49358
22827
3511
8497
42886
37137
49636
37768
12215
25102
9625
20188
23477
9081
36243
18871
3936
33345
31758
784
40798
7035
39385
163
17312
13659
39771
48732
12438
21014
26164
11795
10192
46026
36643
3077
49514
36279
7196
28080
11380
16821
48268
34856
42253
34510
3727
46189
34206
1836
13324
41355
25223
19060
41517
42534
32719
47639
41265
45156
18652
33780
23302
45196
46158
9945
48272
12023
12575
21820
40103
40306
38640
38370
25161
30892
39231
45239
43432
23436
13427
23107
14790
5001
42167
22658
47534
41237
36648
5150
2744
21652
5281
26045
16847
17790
2341
15118
29813
31267
3289
36267
21572
41928
40988
13085
39172
30218
24675
48955
20005
38101
22062
1146
43101
30580
23803
6986
21816
10450
28487
24559
32101
33768
603
15299
1557
19296
30417
47721
16914
57
33987
38486
8337
24974
1570
47508
21543
26244
12814
41547
30697
1227
9044
40149
31806
49198
47135
3621
9648
25621
28179
8100
25740
45134
23399
27297
30781
20167
41369
47694
36575
25356
36179
44911
16681
4100
42418
4576
46696
21584
12474
27392
22810
21518
17540
4616
20715
31026
8236
46714
6647
36415
21166
32386
47900
10916
26034
28680
47434
17403
26373
34008
9110
12552
28919
42142
33003
37688
46717
29698
9271
9191
7089
32081
47060
40981
36696
17774
22006
11283
14488
45004
47697
35653
27390
45596
46568
19775
40627
44001
3529
17000
44360
28990
45903
23278
21132
28905
10966
34200
24955
20236
9742
32043
2316
6801
39375
5363
40927
11381
16646
5414
6384
30694
7418
125
42642
20337
19900
33268
30689
39780
267
25048
18770
12521
48326
6253
7778
9291
6804
32732
45878
32898
31126
14546
39698
20501
19908
30624
48233
36553
2389
4616
33599
9806
21093
26240
30142
7344
9507
27182
47123
26126
2230
32244
4998
555
38496
12775
26197
11652
45506
38426
44549
42984
2971
34246
13484
39231
31222
11716
42135
33610
32683
25733
9768
20127
1972
6261
27470
27831
33443
24593
20308
35672
6836
25305
2578
11684
4432
45126
23335
16289
33551
17883
9272
2874
18480
22755
42104
16053
822
34238
16015
49857
9971
25782
19983
28294
48394
47453
6124
31836
38397
42783
33859
11584
34440
2788
23267
38871
47913
12953
5159
47816
47187
14431
689
15667
3537
9144
48071
20711
43381
14085
36919
19703
6218
6901
47997
4612
20705
20472
36447
25453
29607
20306
37037
14046
39445
26655
2916
37358
39608
8074
1525
36794
38856
18565
18812
42393
27708
33235
13103
21088
47319
16373
40791
3537
23273
5139
8148
10330
41962
10946
35782
21568
31251
39170
35613
20696
15825
38528
24405
21784
12954
25929
24929
1809
44493
10093
44201
38552
43327
23655
9639
40645
40027
16781
10533
29652
38271
18680
6333
30233
29626
8466
1800
27228
47636
3765
14275
29812
42292
5031
1595
5245
47311
42875
23406
8155
2967
33958
46706
12645
7613
22697
3290
13991
5829
30174
9994
44100
48854
32678
40684
44831
41144
42483
38410
5131
12599
2685
34942
4891
24067
2888
26487
21378
12114
16244
29532
15081
202
42590
44077
24166
15286
47366
4508
21114
43892
14502
15213
9097
47179
5896
3927
4674
14731
42336
9804
27329
11372
11097
48571
1791
13984
41410
23168
26098
7653
19051
7530
7854
11640
1606
48371
43277
15324
2879
14391
25567
33732
45955
34663
47262
1851
38589
1936
32933
47276
28091
26613
25000
39188
41536
26790
19523
32945
16309
11972
6949
1711
35853
31155
13351
3811
29525
22979
19134
32403
37369
44700
32486
33324
45714
29748
1526
34302
31683
810
47929
9773
27422
22928
15312
18957
16069
34835
18253
32377
13158
41554
34088
49011
22708
13790
2821
2232
36768
38306
987
40489
49357
33472
23812
45070
29571
41689
45723
11253
42498
43651
37378
19919
16579
19041
5228
48999
20227
39832
31376
33385
31385
31815
32395
4092
11956
1567
22676
15075
39872
40014
21915
5580
39837
12078
649
19408
3766
12723
47012
46263
6373
741
32534
39303
19782
4113
38302
40008
43944
36029
39744
41681
34195
22138
12124
12502
40056
1151
43928
46279
41164
15843
1858
31001
27920
18858
16760
31686
31580
13771
44300
4305
14512
26833
9959
645
47297
48260
40652
41241
640
30396
49273
1186
18885
11396
13687
25293
12547
23967
21571
20062
39809
39781
17414
34080
24990
34173
32117
22922
14296
26417
27226
45159
19601
37184
45803
16898
1796
2806
24490
18787
49553
23762
19973
18438
1509
11
10082
14055
40329
31652
34117
30137
21432
1530
30569
46422
2055
12685
19343
16350
39101
12920
11508
8702
16455
7310
41951
34602
26467
16440
3389
26020
6553
39713
44457
8061
6075
4538
38468
46404
2541
38936
42892
40325
40465
23460
3098
8871
36145
38792
25220
41597
1711
3079
16650
34517
26740
8600
19119
3207
41391
22507
29226
14295
28571
40034
38708
34645
10923
27175
47400
13463
16110
40292
3787
22926
30103
6884
31797
32599
12027
23368
24196
13737
26447
40845
48254
3186
15797
17372
22744
23539
6230
1969
37834
1152
42002
26541
2148
2924
3715
49548
32739
36176
6191
2877
25453
2645
26113
7249
35244
38139
46969
9439
1876
39767
16635
16481
9304
32431
204
32048
22322
22785
34016
10155
23936
42370
36695
42435
11645
6761
8334
44383
42936
30876
47260
34740
33521
39724
41989
18764
27862
5309
44554
46089
45075
11188
12569
4378
9971
29124
2777
32292
1908
3145
42446
42195
45514
45492
34630
7158
2252
9315
17893
11539
40191
31504
46278
23711
21227
4618
42474
49088
26278
37027
45177
21352
14566
24097
42082
24536
3221
44858
23179
21480
48002
31976
13675
9867
27467
14656
17025
46070
23970
1269
23960
14160
32772
36590
4222
3998
7559
46695
3085
33837
73
14613
21540
30991
5062
13621
21878
24634
24831
45057
46113
39184
27032
26139
15403
20851
7146
48779
33272
31116
47
7232
11627
32818
10173
15849
36815
17731
28895
6251
17919
45320
37216
39459
26310
42277
19431
48187
16910
10613
9595
29374
16149
2979
5513
31551
23829
12658
30329
7100
10125
30375
30683
38104
13192
40855
3952
16358
24938
49198
38960
42856
44517
42527
48666
37178
34803
34449
35365
18064
45061
11311
47438
11209
14289
19302
9111
38117
48311
39439
11569
8436
19813
8603
46539
49356
15810
16842
32065
40747
16039
37377
49954
26908
29903
48620
14085
31058
33068
15801
15473
44480
27112
29262
22041
7752
48563
31151
45869
46874
20590
23789
21661
6754
32391
34551
22462
48200
1392
20878
5298
33782
8254
5252
10689
4509
20223
41126
35566
19642
6926
1038
30473
389
30300
2513
8141
45214
33664
20361
8439
20605
44149
30099
43710
42891
31001
16171
7443
32392
3401
29092
16174
11654
34343
43214
16162
20917
34339
18079
6910
7617
35469
37383
8005
32120
6247
16145
27333
6262
2857
2124
26866
47005
32222
36928
6248
13223
3098
30042
11966
6498
9133
44491
34504
9828
37705
17017
47096
38395
35096
4006
46011
20564
7740
4016
2683
30338
36512
46367
36600
39369
48490
29817
2725
47064
16744
25324
26638
36194
5365
4955
9043
14498
49446
43546
24325
37150
26915
37772
41896
28362
41777
37907
15277
15868
41922
17959
46206
44785
30677
49157
34153
45519
28973
36878
42582
45717
28553
35571
48262
33918
40525
7304
48415
39970
17202
39091
43471
44116
26862
35367
22477
34991
23273
37753
17210
31546
22063
13415
42682
2739
28923
26835
14609
7896
30064
7190
19964
8616
42760
18225
8885
49637
25528
7299
39606
42729
12741
33077
36844
5955
34795
9320
7297
24419
13424
24506
22316
35486
4273
14997
4577
33195
41831
19185
41090
38246
42727
11053
13214
1838
45629
22098
1474
21157
45749
41080
13885
24841
40508
17081
30795
25302
42752
38091
16072
6176
28949
38387
8013
33221
3383
12589
16415
11566
48126
23857
16163
40852
1261
29376
42689
46890
17826
44163
34398
13574
35242
48282
38414
42101
31714
35561
33754
24466
40003
49825
46993
18951
4563
5005
18523
7945
33946
1290
35862
32071
25146
18377
22922
42758
14104
15610
5999
31929
26124
40396
11854
11365
5030
16620
19817
36743
2180
3570
27560
8534
3394
40904
27485
24308
45909
12359
48605
46206
13648
34466
28276
38793
2842
17549
47903
33298
33158
3901
15226
9282
44297
43432
36998
15678
10051
6815
2420
28582
26736
46332
3467
46482
37235
47303
20789
49495
9662
19393
45700
23309
3859
23975
28454
23052
41523
26356
6349
41033
30256
37927
16666
40904
47710
20015
6581
24112
43181
25353
2693
19917
38036
22511
16398
25270
19814
37186
24765
29475
6579
36816
2783
26789
10791
31236
16192
18665
7591
38893
26049
4199
43171
9066
11454
40880
29081
34387
14991
22261
26091
34035
42177
14126
6545
8574
39395
26358
45760
30511
5832
18690
17327
8615
45478
44469
6202
28021
29485
30145
16913
21886
695
10083
30951
12148
962
10031
46534
32304
48644
22624
16338
40820
3101
22883
15746
42496
15592
27857
39358
21424
46546
6684
46390
8375
17504
2591
36395
46989
49087
19660
18874
49781
29742
49824
11929
47056
26207
24814
45711
24850
13790
12049
32021
16890
1283
47766
25737
16874
25622
15095
4649
38519
21778
1038
13245
5634
19981
49640
2622
19067
35651
37847
18848
31744
4022
47128
45151
30228
21941
40862
21429
2082
2910
3450
18972
20544
1215
11060
37417
43189
26154
42066
31707
14284
9455
44952
19917
45787
10943
22538
14854
46593
26736
53
44688
30757
47180
39839
27337
35472
30700
48765
3906
49961
2214
39229
20504
19781
288
24272
12969
26442
16337
44675
40725
42144
5978
10641
37930
16920
49530
2783
29864
42617
19187
24552
23373
32718
30742
709
34542
11441
49474
38447
27753
18039
27675
48256
37819
27962
22527
787
20755
5216
11814
11479
47359
17791
38471
35288
1063
4352
4423
47278
46968
39961
38181
36693
22679
18922
37401
7220
30362
3226
45666
8114
21265
39692
22721
9083
17653
45248
26222
4760
16815
38035
32590
14173
5825
21061
15812
23239
41764
36586
20517
5084
26547
8697
41776
15577
27619
45528
22796
24332
15106
34813
48798
36370
24504
21518
11804
8508
33117
38025
29619
49931
26059
12209
30455
48236
49621
12619
21474
41384
49204
8342
12819
42102
17039
4594
7678
11009
16474
46825
35340
31579
31637
489
34300
22492
22007
46103
47352
21475
480
26970
21406
26538
39178
18212
41125
38798
30830
12599
46534
30034
37292
9352
38487
4330
30298
46165
31690
13123
42989
17030
44701
40978
33870
29000
29821
5876
41454
43524
27351
41933
20494
15108
34823
26023
33319
25947
31173
14149
4897
44058
10534
42189
19761
49020
12870
58
11536
44560
13180
4525
27941
24232
11854
11810
19583
41674
17686
27389
1550
11388
19321
22043
42847
20495
14417
26165
12794
11941
6665
17690
5998
33550
26230
25759
48922
39100
42168
10457
33659
21700
31333
11599
12283
43186
23408
31866
1212
7445
9254
2761
35184
44926
41155
28030
31773
21923
20547
44566
33864
43563
12255
6213
43465
38485
48323
42386
43936
6843
2842
27594
28542
34175
5544
40824
43712
45303
39041
44923
19100
14646
14035
4283
9572
21541
48665
7696
43464
35563
2261
43679
45477
30867
16243
38941
19351
14566
31326
13286
37760
520
7231
16301
34694
12774
23476
44757
24429
12517
39680
43528
27162
20066
14162
3085
41607
29178
10780
1422
14740
29392
45100
26569
10259
11342
15509
45961
42259
13187
25599
30018
13706
32829
12670
14751
11955
2498
9507
36383
15014
15538
29910
8527
35604
10423
27964
43562
39601
5095
44983
20692
839
6434
47260
11097
34127
29121
23409
26386
42307
49007
22755
6012
48188
1777
20762
26494
4274
46620
12876
35639
12158
9137
10517
47761
19559
38480
7674
9159
9927
2656
29851
10765
9089
43462
38213
9567
22582
11621
35952
14888
26980
25059
37251
25167
26835
24364
1660
31108
20984
30887
33098
33141
40023
43614
47253
25933
48446
4926
1444
24724
23933
47646
1840
49373
41107
40052
8939
30041
18024
11243
44928
45003
36301
48531
36521
29487
39246
38180
26946
10229
19066
10043
9721
25440
3656
23325
17725
18453
44602
19168
43176
18534
16813
45015
17906
24271
1418
43197
4311
19442
4439
15591
30796
7091
30473
17317
36577
19718
5496
13522
46299
40914
39916
22371
32705
43571
12048
429
12024
6649
35948
21551
25183
19112
16566
9440
9735
17983
18988
14045
37424
23426
45987
34572
30516
42811
1888
33444
12529
23735
46965
25179
31000
3232
13901
13705
46803
25948
30485
25178
32597
16433
46728
24131
1896
29645
33570
11630
47628
18910
42027
1403
42335
38013
35974
39203
30824
4213
22646
9704
27948
35963
1234
8947
39194
15134
22651
2348
41082
19488
43877
23678
2272
6957
47808
4167
36601
47729
32149
580
16638
24175
18335
25325
28539
4308
14527
25714
8521
3524
1769
2820
39486
3002
11766
45032
18136
769
47379
9217
20256
41256
49246
38879
48212
13405
9397
1164
27485
41545
1744
10475
32071
20078
35799
10610
40737
16677
2675
15609
20200
4444
18428
26038
7445
46546
21069
41932
47314
18447
17500
33921
26054
16745
22799
40617
46501
48547
41781
23986
40092
9876
34460
22162
29953
36610
32771
20689
19638
1798
2650
39837
6241
21077
32226
30037
33974
3294
21969
31287
38093
39468
31559
30498
22565
20709
21115
19065
19256
29247
9402
9347
39122
10213
47860
35426
46822
46983
22466
16459
48780
25115
22648
5020
12544
21225
35056
46517
40871
23376
44156
28963
12844
42066
25812
1760
12775
13278
37176
48382
42524
46578
24080
47997
6790
21939
33422
19964
35273
5888
2774
34052
47354
41773
5423
9897
12998
6831
6414
3868
30206
16921
49182
9401
8986
41345
11160
38112
4623
14688
36493
13498
11265
26924
11495
34406
48863
11268
20721
34135
17155
23495
34539
14509
31619
39961
40757
10968
46791
13522
31187
43349
30442
30368
2749
5780
38065
30261
43891
42687
44948
30384
6184
6212
7307
34030
6969
22521
45298
27690
23008
28804
17536
7546
9664
15506
13858
16773
26474
10649
30294
7660
3997
10736
4380
23097
32867
42444
3357
26757
1482
48304
23492
24017
20867
47151
8047
27836
36023
19696
21877
9030
14851
5764
32927
40867
21269
46785
7639
47742
23785
37932
21754
44133
15019
42485
17229
47885
34928
20586
40994
2761
35241
14485
26777
6108
27987
1175
295
14010
20870
22171
23039
2073
44286
22318
42939
15554
19102
16929
29648
9238
4860
1401
3370
36231
43885
20598
467
45164
7535
41460
47924
42776
22297
24700
48883
283
25875
15529
14292
13096
4051
3683
31520
48336
26000
24458
13889
11453
41386
9888
20690
12598
11288
24059
15180
21524
44656
15646
33039
2191
7106
30962
44966
29402
22014
10200
29684
14240
42080
10328
43687
46130
14010
25207
10817
40009
16016
24705
1461
23754
945
22150
2703
12232
46208
17882
108
7215
33527
33146
9405
6984
30460
20722
2737
2473
47273
48773
33064
39352
9100
26750
1833
23109
1956
12649
13117
34324
3706
30929
8077
4650
3078
27131
33233
15637
45012
33340
22851
44890
32838
48608
1874
13297
35681
20962
15769
49306
19734
48832
5009
28833
41933
6842
1941
10241
35842
31409
44564
39547
12337
18992
44196
31766
46122
43781
13754
7485
27120
2957
2374
9957
1564
20599
39605
3596
41561
21725
2901
11294
36908
24262
40127
28841
31103
8419
39081
16944
39828
33644
22843
18516
18987
33390
16634
15108
27170
30387
38944
20642
33343
41317
46950
1258
11916
36555
21206
19828
8279
40458
31121
45187
14719
37599
24027
45821
46018
29459
29117
2197
29454
1959
20712
48440
1700
3697
29899
28870
34084
18842
49511
33778
10158
46460
35036
38425
49366
22593
8252
7645
13050
5725
19183
27769
43323
9561
39941
39340
39019
35409
41536
18472
3719
28600
16911
5419
32296
13161
640
32731
32002
150
16509
8511
12961
17896
13288
12327
40488
37891
36323
19889
43615
5505
47657
36938
15065
3950
42629
4083
5710
34165
38906
9429
29116
22168
31199
11411
35328
31838
44142
33681
31987
27002
42191
11299
44897
21830
23625
1736
9721
9947
21624
3335
15451
35633
6624
46867
5934
49253
17301
11643
49769
6206
37423
28884
28373
18621
6646
30052
458
17139
13732
48796
44140
22275
10095
5388
44104
71
23475
3824
10018
45099
7159
41820
47083
13782
5039
3016
29386
22339
31010
29154
28545
18433
8037
23269
37053
31035
3321
3863
48173
17052
19010
8665
39326
45456
30404
33430
45527
3879
3605
21896
15329
10763
30067
28763
40897
35105
31778
20282
7444
29139
15788
35988
47571
40176
25608
976
21210
28928
21190
35735
12332
40199
10751
1657
2007
41154
1438
47533
11384
21395
35780
26712
32157
15846
21826
39405
951
3603
26039
24746
49094
8178
10733
46664
48353
2692
13991
35915
31620
35180
21649
43951
41731
48751
11959
43737
6256
29749
7621
17640
1143
43400
10703
49651
9245
32529
5408
26547
2483
47798
1292
1576
5975
28376
14592
4327
31068
28582
40241
29039
30114
28241
22989
38196
43343
1299
48284
49599
47399
5904
33590
14893
15655
44292
30896
24899
43172
36303
17798
12007
34100
19089
13582
40074
47465
44525
10752
28532
39459
17345
7570
19572
11937
46910
24119
5280
14560
38754
21230
28311
44657
4819
43203
26663
15462
24098
1561
24986
10400
19358
36992
10851
4799
16925
17276
2263
11450
28028
47146
908
45372
21067
36831
23660
17976
10949
28939
48887
49702
168
27197
10710
21338
36752
37372
36800
10849
5284
11785
37601
40994
48776
48451
45792
15700
32079
14406
43501
10106
11551
44408
21829
32617
31238
45488
16944
8538
40779
32182
24591
7298
9379
1652
28636
12482
5375
15435
23330
27011
43571
27282
18004
8698
42085
30147
40749
24163
44552
34250
620
22454
45009
22448
21422
42599
34287
38365
17488
25065
36898
42079
32363
46276
10082
10998
8757
15457
42784
48439
8819
2706
25720
43174
27755
17804
23320
18503
8318
34223
19104
8937
23028
14113
31384
44449
23063
15671
49165
40550
7087
36062
32628
39449
48690
9062
16798
23798
40870
25933
22236
49688
28638
14308
42861
6392
48463
16180
41247
6781
16754
10350
32069
39781
40814
13453
34229
13876
45475
49745
4426
18913
35806
3405
8362
34495
28818
41511
8293
19687
17444
46880
19374
46081
11187
12234
18825
26002
44765
10071
32782
27870
36772
31202
17650
43938
44654
18230
7813
6480
17974
28590
25393
20132
48347
106
4626
27164
41616
29270
46851
25411
26150
32576
37844
3688
44810
6668
29689
5926
33090
28822
33796
36213
10024
1445
30150
21029
36027
4315
27509
20352
32904
19253
40483
47602
19358
45109
41118
27325
24378
4320
2736
16879
36895
6931
20567
48056
13598
255
3982
13039
29077
37777
49251
5452
5573
29401
26480
41599
33715
20340
11951
32970
39592
18785
30572
25301
13893
38041
18978
4623
42360
38065
21501
29254
44995
42067
27310
8592
8674
47643
37982
4102
35419
37232
9553
40991
16632
36032
48942
16698
6372
27244
49668
12315
46028
46591
37616
26273
34631
6593
47247
43342
11009
35099
22595
6003
43518
16256
30946
2191
13898
18927
6292
15668
6158
15844
23011
39142
18227
21952
5839
24598
15547
5506
36913
11574
18448
40880
4198
3078
13824
17796
12771
24832
2895
1718
30834
46412
17973
11779
48602
48223
47057
21245
30242
3214
3440
3252
8707
21666
41555
14546
12616
7101
36403
15880
35027
4851
6759
39224
24280
36934
7020
37051
11765
26266
38768
8950
22677
23092
37080
37630
37666
34136
25226
17908
3701
28665
37511
12408
330
29066
43305
29297
36166
29707
45176
21192
909
18286
26768
41541
5219
33787
28591
33335
10052
33710
8636
49080
23153
45715
36709
10819
46202
28286
45078
16255
6950
32588
45014
23631
11653
38318
2928
14171
18024
14455
35362
35285
32741
12129
26825
37959
12267
21767
37646
38670
21828
46281
4101
44980
8348
7161
22150
4549
35446
33579
37155
42395
32519
32168
32378
10523
20485
35305
24693
4861
49759
26407
40145
48851
4887
33321
36810
33506
5087
40807
38527
43266
37087
42628
38245
45434
49788
26747
16335
1586
26677
3489
10332
9195
35657
42709
19718
22493
44365
44410
27353
44124
37168
33849
42974
42055
33521
46135
25560
38607
36941
14086
48224
40380
23065
2821
35813
39205
29567
2147
40790
6243
21988
1121
31790
23996
43830
1507
46488
38194
12268
40193
48669
15788
40393
7995
7842
23914
20481
49753
28872
23774
13838
27096
14153
36903
29916
49965
42459
25834
18464
33248
48428
40451
720
30217
30798
44549
48075
27285
49095
26695
33829
14115
42482
24222
38461
16675
14487
8942
16427
9710
32715
46616
36805
46867
49870
33072
13183
42328
8905
31646
25575
23685
38448
26295
20253
19245
37195
18328
12882
2641
11374
13062
33108
20207
3635
21568
36881
18121
46861
3307
27831
45927
49922
30987
9145
16144
30411
22328
8471
5667
20325
34046
29351
25125
26692
49604
10721
30238
34283
23602
32879
12008
3016
32338
32214
6650
3905
35446
41123
17118
38752
18953
13044
5025
16291
22189
21168
13053
10868
45991
18720
31192
46388
14422
22668
23079
30377
33389
3316
31011
23342
2546
43018
26357
1235
41583
33007
5140
27028
24129
38609
32131
9433
1652
3508
42075
40192
41027
5128
1059
37017
40199
48603
33404
4620
21270
22834
34997
21010
42502
16007
44352
45047
9025
37060
46282
16959
36418
17773
43987
10546
22733
26117
36330
24384
29624
44757
30928
20651
49884
31986
24019
40082
46940
7423
11053
18210
30256
46049
5571
22757
12056
49922
34156
37432
3334
46789
4390
39751
30913
14728
297
3645
7197
2978
44380
3172
47734
41659
40174
13969
23645
14193
20402
36936
37967
31455
21497
18222
27503
27068
7331
5910
43341
7838
9693
46674
4626
30435
36425
1890
45162
3073
21886
18710
6050
32617
21882
20136
24276
12055
456
14272
42599
20858
1207
30565
2312
22704
15139
46166
49771
22469
18428
9463
30306
28120
6137
1283
24906
42561
19524
36420
45633
41409
5129
18034
24025
27010
4521
14652
5417
4977
28923
48015
25834
30130
44932
44497
19185
10070
7014
35307
32538
25441
44769
29195
19913
905
46829
44818
9817
32704
47589
21801
24112
2718
39835
14488
46079
44355
29140
17847
15683
24414
32214
7868
20895
27145
2364
40079
37214
25730
41737
36103
1170
36506
31649
37434
3762
28477
48604
29931
27532
46192
1731
1643
15261
41565
32482
11340
2272
27973
29186
34306
18739
11399
42174
39633
4895
44537
46064
42108
36618
37800
28210
37788
40657
9858
41573
10771
4686
40176
40701
32217
2720
42431
211
17980
348
49045
45671
18971
43369
41209
3276
12107
18959
45449
1740
23854
6338
14155
15961
42955
1954
10523
47094
8963
36732
5019
19733
7770
45194
10433
39986
14265
2863
6549
32245
19562
5593
44267
38532
15313
35475
41808
27420
20786
3608
45511
44639
26297
9665
26951
19252
11618
37473
32697
20580
40557
37715
6664
48326
49261
17096
4663
13525
36311
11211
12121
5872
33155
6388
10756
48468
8214
2563
25887
28999
22522
21397
39989
48819
31061
16940
34422
9030
20764
17118
45962
11320
21185
2625
25997
20445
36073
30660
321
38735
41870
12442
44606
41377
35181
5361
39844
9746
24275
32082
38745
13149
19830
45085
11967
17242
12024
12740
26271
49140
46209
38584
26811
17393
7561
2808
4189
43633
33467
4510
32367
41688
33303
43324
33064
18483
15037
39259
44580
5663
21340
49676
18811
41169
44761
47129
8410
23136
26220
1033
22275
22429
5968
49086
39821
13528
1893
10362
23512
1711
14871
22230
9750
14525
15554
42814
49359
46942
48424
43938
18956
36116
43614
37767
43636
38374
1247
2046
11509
27467
19430
136
16247
25397
49221
22419
38925
17465
32780
28788
19175
14002
1018
28924
28526
32923
38089
27884
29864
2865
21822
15171
38980
31787
2937
32615
36512
20536
1012
14372
14354
20441
14507
30600
12190
13727
3018
17466
47543
35798
46253
16717
